1499.30
1497.96
1499.75
1499.94
1497.05
1497.70
1499.13
1498.68
1498.98
1498.15
1499.88
1499.78
1499.07
1500.13
1499.47
1498.14
1499.37
1498.04
1499.88
1498.95
1498.82
1498.32
1500.22
1498.85
1498.57
1498.65
1499.53
1499.37
1499.41
1499.43
1501.14
1498.59
1498.49
1498.19
1499.62
1500.13
1498.89
1498.16
1498.18
1499.65
1499.74
1499.54
1498.33
1499.23
1499.12
1499.22
1499.87
1499.22
1499.68
1499.07
1499.29
1499.63
1497.54
1498.68
1498.53
1498.36
1498.72
1500.49
1498.13
1499.97
1497.32
1498.67
1499.16
1499.59
1499.71
1499.79
1498.65
1498.54
1499.86
1498.81
1497.72
1497.87
1498.08
1499.50
1499.14
1499.69
1498.57
1499.16
1499.63
1498.69
1499.46
1498.34
1498.64
1498.62
1497.80
1499.49
1498.53
1499.01
1499.48
1499.45
1499.67
1498.90
1498.58
1498.92
1497.31
1497.55
1497.68
1498.00
1499.40
1498.09
1498.62
1500.30
1498.64
1499.74
1498.07
1498.79
1498.05
1498.66
1499.84
1497.27
1499.43
1499.24
1498.41
1497.55
1499.07
1498.47
1499.23
1499.02
1500.60
1498.76
1497.98
1499.18
1499.22
1500.36
1499.84
1499.36
1500.46
1497.81
1498.36
1498.07
1498.61
1497.62
1499.64
1498.78
1497.53
1497.98
1499.31
1499.84
1501.00
1501.91
1499.41
1498.01
1496.87
1499.27
1498.19
1498.58
1498.39
1498.86
1500.07
1499.16
1498.84
1497.96
1497.33
1498.51
1498.95
1500.77
1499.13
1499.98
1498.50
1497.82
1498.03
1498.27
1501.13
1498.18
1499.84
1498.10
1499.93
1499.38
1498.84
1498.96
1498.35
1499.45
1498.55
1497.77
1497.72
1499.17
1500.58
1499.16
1498.88
1499.29
1500.31
1499.22
1498.59
1500.11
1499.43
1500.54
1499.18
1497.78
1497.63
1500.65
1500.72
1498.82
1498.62
1500.46
1497.89
1498.11
1499.64
1498.61
1498.99
1498.84
1499.34
1500.41
1499.09
1499.64
1496.95
1498.95
1498.16
1497.78
1498.12
1498.67
1499.92
1497.67
1499.03
1498.52
1498.67
1500.00
1499.54
1500.34
1498.85
1498.30
1498.78
1499.24
1499.18
1497.92
1499.09
1499.23
1501.52
1500.88
1498.15
1498.71
1497.54
1498.41
1499.32
1500.21
1498.27
1498.35
1496.85
1498.84
1497.94
1498.47
1498.12
1498.91
1497.24
1497.53
1501.13
1497.71
1497.90
1500.84
1501.91
1497.83
1498.63
1499.34
1500.73
1498.01
1498.75
1499.78
1499.43
1498.62
1498.87
1497.63
1498.76
1498.73
1499.23
1498.44
1499.47
1500.01
1499.16
1499.35
1499.05
1499.00
1498.28
1499.32
1498.90
1501.09
1500.57
1499.39
1498.24
1497.89
1500.19
1499.26
1499.48
1497.26
1499.93
1499.45
1497.89
1498.53
1499.26
1499.05
1498.71
1498.90
1498.75
1499.15
1500.47
1496.43
1498.76
1499.18
1499.30
1498.63
1497.24
1499.33
