1965.48
1963.52
1966.29
1966.67
1962.44
1963.55
1965.84
1965.04
1965.26
1963.80
1966.22
1965.91
1964.72
1966.22
1965.16
1963.13
1964.92
1962.88
1965.59
1964.15
1963.90
1963.12
1965.93
1963.82
1963.36
1963.44
1964.72
1964.48
1964.74
1964.99
1967.82
1964.30
1964.48
1964.42
1966.99
1968.22
1966.87
1966.32
1966.93
1969.77
1970.58
1970.81
1969.34
1970.99
1971.05
1971.39
1972.50
1971.61
1972.33
1971.47
1971.89
1972.52
1969.53
1971.42
1971.40
1971.46
1972.29
1975.20
1971.90
1974.87
1971.09
1973.29
1974.19
1974.96
1975.25
1975.46
1973.82
1973.69
1975.55
1973.52
1971.51
1971.42
1971.52
1973.50
1972.89
1973.72
1972.13
1973.18
1974.12
1973.04
1974.58
1973.35
1973.93
1973.94
1972.66
1975.03
1973.34
1973.70
1973.96
1973.59
1973.75
1972.52
1972.03
1972.63
1970.38
1971.44
1972.52
1973.76
1976.49
1975.03
1976.19
1978.96
1976.59
1978.22
1975.57
1976.39
1974.88
1975.27
1976.53
1973.14
1977.47
1978.19
1977.89
1977.49
1980.58
1980.42
1982.24
1982.54
1985.45
1983.16
1982.40
1984.54
1984.41
1985.65
1984.37
1983.13
1984.23
1979.66
1979.86
1978.78
1979.06
1977.18
1979.86
1978.31
1976.25
1976.94
1979.58
1980.94
1983.21
1985.06
1981.72
1979.98
1978.57
1982.41
1980.98
1981.72
1981.50
1982.24
1984.02
1982.48
1981.73
1980.14
1978.99
1980.66
1981.28
1984.06
1981.74
1983.23
1981.30
1980.64
1981.42
1982.32
1987.19
1983.29
1986.25
1984.06
1987.18
1986.68
1986.13
1986.52
1985.77
1987.25
1985.57
1984.00
1983.45
1985.08
1986.63
1983.96
1983.02
1983.12
1984.15
1982.04
1980.63
1982.46
1981.01
1982.24
1979.81
1977.31
1976.71
1981.02
1981.36
1978.99
1979.69
1983.38
1980.37
1981.45
1984.44
1983.49
1984.60
1984.80
1985.92
1987.81
1986.04
1986.89
1982.85
1985.87
1984.72
1984.22
1984.82
1985.74
1987.74
1984.53
1986.68
1986.01
1986.34
1988.43
1987.79
1988.97
1986.72
1985.91
1986.64
1987.37
1987.33
1985.50
1987.34
1987.65
1991.19
1990.36
1986.40
1987.41
1985.97
1987.60
1989.16
1990.50
1987.64
1987.85
1985.76
1988.94
1987.83
1988.93
1988.75
1990.31
1988.26
1989.00
1994.32
1989.07
1989.18
1993.36
1994.68
1988.24
