1498.62
1496.53
1499.16
1499.41
1495.06
1496.05
1498.23
1497.62
1498.15
1497.00
1499.73
1499.72
1498.83
1500.61
1499.47
1497.71
1499.50
1497.42
1500.05
1498.49
1498.09
1497.10
1499.68
1497.30
1496.53
1496.25
1497.15
1496.52
1496.47
1496.40
1498.89
1495.01
1494.81
1494.34
1496.49
1497.29
1498.74
1497.51
1497.41
1499.52
1499.58
1499.21
1497.34
1498.65
1498.46
1498.61
1499.61
1498.67
1499.41
1498.56
1498.99
1499.60
1496.59
1498.44
1498.28
1498.02
1497.96
1500.41
1496.68
1499.27
1495.16
1497.07
1497.73
1498.31
1498.46
1498.57
1496.87
1496.75
1498.86
1497.42
1495.91
1496.24
1496.66
1498.88
1498.44
1499.34
1497.74
1496.12
1496.95
1495.68
1496.95
1495.53
1496.27
1496.52
1495.56
1498.33
1497.12
1498.05
1498.95
1499.07
1499.56
1498.56
1498.20
1498.82
1496.46
1496.79
1496.94
1497.49
1499.58
1497.61
1498.38
1500.88
1498.37
1499.99
1497.45
1498.52
1497.36
1498.24
1499.91
1495.94
1499.05
1498.61
1497.20
1495.74
1497.82
1496.71
1497.63
1497.07
1501.34
1498.46
1497.16
1498.83
1498.75
1500.33
1499.40
1498.54
1500.05
1495.92
1496.58
1495.99
1496.64
1494.99
1497.83
1496.37
1494.27
1494.56
1496.13
1496.46
1501.98
1503.14
1499.14
1496.75
1494.73
1498.00
1496.01
1496.22
1495.51
1495.77
1497.44
1496.04
1495.58
1494.33
1493.48
1495.43
1496.29
1499.29
1497.15
1498.79
1496.98
1497.20
1497.53
1497.87
1502.08
1497.60
1500.03
1497.37
1500.09
1499.24
1498.41
1498.57
1497.65
1499.31
1497.97
1496.84
1496.78
1498.87
1500.89
1498.69
1498.20
1497.16
1498.56
1496.81
1495.75
1497.92
1496.80
1498.37
1496.25
1494.06
1494.03
1498.82
1499.16
1496.51
1496.38
1499.30
1495.57
1495.98
1498.35
1496.83
1497.42
1497.16
1499.27
1500.99
1498.96
1499.74
1495.66
1498.64
1497.43
1496.86
1497.38
1498.22
1500.13
1496.81
1498.90
1498.19
1498.51
1500.48
1499.77
1500.96
1498.73
1497.93
1498.08
1498.72
1498.56
1496.63
1498.35
1498.53
1501.95
1500.98
1496.86
1497.66
1495.83
1497.07
1498.33
1499.56
1496.54
1496.52
1494.13
1496.95
1495.42
1496.04
1495.31
1496.81
1493.92
1493.99
1499.07
1493.67
1493.71
1497.92
1499.36
1493.13
