1595.25
1595.19
1598.28
1599.76
1598.16
1600.10
1602.82
1603.66
1605.25
1605.71
1608.73
1609.92
1610.50
1612.95
1613.69
1613.77
1616.40
1616.47
1619.71
1620.18
1621.45
1622.35
1625.66
1625.68
1626.81
1623.29
1619.68
1615.02
1610.58
1606.10
1603.32
1596.28
1591.68
1586.89
1583.82
1579.84
1574.11
1576.95
1582.92
1590.35
1596.40
1602.15
1606.90
1613.75
1619.59
1625.65
1632.26
1637.56
1643.97
1647.62
1651.34
1655.19
1656.60
1661.24
1664.60
1667.93
1671.80
1677.07
1678.22
1683.55
1684.41
1685.18
1682.60
1679.94
1676.98
1673.97
1669.75
1666.55
1664.79
1660.65
1656.48
1653.54
1650.67
1651.98
1654.03
1656.99
1658.28
1661.27
1664.14
1665.62
1668.79
1670.08
1672.79
1675.17
1676.77
1678.33
1674.36
1671.83
1669.29
1666.24
1663.45
1659.67
1656.33
1653.66
1649.04
1646.27
1643.38
1640.66
1638.95
1634.54
1631.97
1630.54
1625.78
1623.77
1619.00
1616.63
1612.78
1610.28
1608.36
1606.01
1615.68
1622.99
1629.66
1636.31
1645.33
1652.24
1660.50
1667.80
1676.88
1682.55
1689.27
1696.45
1697.57
1699.79
1700.35
1700.95
1703.14
1701.57
1703.20
1703.99
1705.61
1705.70
1708.80
1708.47
1704.87
1702.97
1701.95
1700.12
1698.93
1697.50
1692.65
1688.89
1685.40
1685.45
1682.01
1680.79
1686.91
1693.70
1701.23
1706.64
1712.64
1718.08
1723.76
1731.27
1738.02
1746.16
1750.84
1757.94
1753.52
1749.90
1747.19
1744.50
1744.42
1738.53
1737.26
1732.58
1731.48
1728.00
1724.53
1721.71
1723.45
1727.29
1729.13
1731.10
1733.79
1737.98
1742.13
1743.45
1745.91
1749.06
1752.82
1754.47
1751.58
1750.00
1746.21
1744.22
1739.76
1735.25
1732.00
1731.91
1728.88
1723.87
1720.56
1719.30
1714.90
1713.64
1713.70
1711.19
1710.10
1708.47
1707.50
1707.09
1704.30
1703.38
1699.21
1699.74
1700.12
1702.05
1704.69
1707.53
1711.08
1711.14
1714.80
1716.59
1719.04
1722.68
1724.51
1727.61
1725.44
1722.44
1720.45
1718.45
1715.92
1712.20
1710.92
1708.59
1708.42
1705.32
1700.13
1698.23
1697.29
1700.59
1703.92
1707.24
1707.73
1710.24
1711.17
1715.58
1717.11
1720.07
1722.16
1725.37
1725.30
1726.25
1730.51
1727.76
1728.62
1732.22
1733.95
1730.54
1732.01
1733.39
1735.44
1733.39
1732.48
1728.34
1722.84
1716.87
1711.95
1705.55
1701.53
1696.34
1691.68
1685.73
1681.60
1676.98
1673.36
1675.85
1677.86
1680.10
1681.68
1685.02
1686.91
1691.40
1693.18
1694.29
1695.44
1697.39
1701.12
1698.93
1697.88
1694.39
1695.80
1694.06
1691.23
1690.60
1690.07
1688.59
1686.98
1685.90
1683.64
1677.71
1672.70
1662.33
1658.33
1652.41
1646.20
1639.20
1631.48
1627.23
