1200.46
1198.46
1201.18
1201.49
1197.17
1198.17
1200.34
1199.70
1200.17
1198.94
1201.57
1201.44
1200.40
1202.01
1201.05
1199.08
1200.95
1198.98
1201.76
1200.40
1200.22
1199.50
1202.38
1200.34
1199.95
1200.09
1201.45
1201.22
1201.32
1201.37
1203.96
1200.16
1200.03
1199.60
1201.77
1202.57
1200.73
1199.66
1199.71
1201.95
1202.11
1201.84
1200.05
1201.42
1201.28
1201.45
1202.46
1201.51
1202.22
1201.33
1201.69
1202.23
1199.12
1200.85
1200.65
1200.42
1200.99
1203.67
1200.16
1202.94
1198.98
1201.03
1201.80
1202.46
1202.68
1202.83
1201.14
1200.99
1203.00
1201.45
1199.85
1200.09
1200.44
1203.87
1205.74
1208.96
1209.69
1212.97
1216.07
1217.06
1220.61
1221.34
1224.18
1226.56
1227.73
1234.57
1239.63
1246.85
1254.05
1260.49
1267.32
1272.67
1278.68
1285.69
1289.78
1296.64
1303.32
1309.81
1317.15
1320.42
1326.45
1334.20
1336.96
1343.83
1346.56
1352.89
1357.01
1363.16
1370.17
1372.11
1382.39
1389.12
1394.90
1400.66
1409.96
1416.09
1424.26
1430.98
1440.38
1444.65
1450.50
1458.95
1464.41
1471.52
1476.13
1480.81
1487.87
1489.30
1495.52
1500.49
1506.69
1510.61
1519.03
1523.25
1527.41
1534.12
1542.15
1548.97
1556.74
1564.15
1566.43
1570.36
1574.68
1584.31
1588.72
1595.30
1600.42
1606.54
1613.77
1617.82
1622.76
1626.86
1631.32
1638.52
1644.58
1652.73
1655.69
1662.39
1665.87
1670.55
1676.59
1682.66
1692.65
1693.94
1702.14
1705.24
1713.70
1718.59
1723.48
1729.37
1734.00
1741.19
1745.39
1749.77
1755.24
1762.95
1770.61
1774.02
1779.15
1785.29
1792.37
1796.28
1800.32
1807.49
1811.37
1817.92
1820.78
1823.57
1828.24
1837.67
1842.67
1844.71
1849.29
1856.95
1857.87
1862.93
1869.97
1873.15
1878.47
1882.97
1888.45
1894.80
1897.56
1903.12
1903.82
1911.56
1915.03
1919.10
1924.25
1929.71
1936.22
1937.49
1944.17
1948.03
1952.90
1959.54
1963.48
1969.32
1971.56
1975.14
1980.24
1985.33
1989.62
1992.12
1998.27
2002.87
2010.70
2014.13
2014.42
2019.66
2022.26
2027.89
2033.58
2039.25
2040.68
2045.12
2047.21
2054.52
2057.50
2062.63
2066.44
2071.95
2072.08
2073.24
2079.37
2074.98
2076.00
2081.13
2083.46
2078.08
