1200.61
1201.44
1208.54
1212.44
1210.18
1214.99
1221.37
1224.01
1223.76
1220.47
1222.32
1220.50
1217.46
1217.96
1215.03
1216.02
1224.40
1227.68
1237.28
1241.35
1247.00
1251.94
1259.94
1259.95
1262.17
1265.08
1269.62
1272.05
1274.91
1278.47
1286.59
1286.19
1290.67
1294.76
1302.31
1308.03
1309.44
1309.43
1310.91
1315.30
1316.93
1317.97
1316.99
1320.19
1320.97
1322.18
1324.50
1324.21
1326.13
1325.92
1327.38
1331.78
1331.49
1337.65
1341.23
1344.77
1349.38
1356.81
1355.22
1361.82
1359.46
1365.09
1369.03
1372.81
1376.00
1380.46
1383.22
1388.05
1395.74
1398.69
1401.57
1406.91
1409.27
1410.81
1408.80
1408.60
1405.06
1404.94
1404.57
1402.86
1407.38
1408.13
1411.71
1414.65
1416.01
1422.36
1423.36
1426.95
1430.51
1433.07
1436.13
1437.23
1439.20
1442.41
1439.03
1439.36
1439.45
1439.94
1442.57
1439.80
1440.70
1447.06
1447.16
1452.75
1452.82
1457.68
1459.60
1464.23
1466.89
1460.94
1464.45
1463.24
1460.76
1458.25
1460.47
1458.93
1460.45
1460.03
1463.19
1459.50
1457.93
1460.34
1461.35
1465.77
1466.86
1468.04
1472.39
1469.23
1472.46
1473.77
1476.08
1475.34
1480.60
1480.12
1478.86
1481.00
1484.79
1486.24
1488.96
1491.19
1486.60
1484.19
1482.31
1487.51
1484.02
1483.45
1481.69
1481.27
1482.32
1479.14
1477.14
1475.86
1475.41
1478.63
1480.33
1484.81
1482.37
1484.91
1479.22
1473.44
1469.48
1465.56
1466.86
1456.56
1455.48
1452.29
1460.40
1463.75
1467.12
1471.80
1475.01
1481.66
1481.55
1477.21
1474.30
1474.40
1474.41
1468.76
1465.40
1463.63
1463.84
1459.84
1456.75
1457.95
1454.77
1455.15
1450.66
1446.49
1444.85
1449.53
1448.33
1443.17
1441.41
1443.74
1437.79
1437.44
1439.75
1436.90
1436.91
1435.82
1436.05
1434.54
1427.42
1424.05
1414.18
1413.70
1407.63
1402.40
1400.49
1400.13
1401.17
1395.23
1396.49
1394.01
1392.87
1393.54
1390.04
1389.07
1383.52
1379.86
1378.24
1376.60
1374.48
1371.21
1372.81
1372.34
1376.17
1374.13
1367.92
1367.87
1362.23
1360.68
1359.21
1357.70
1350.54
1347.40
1341.10
1340.70
1334.52
1331.21
1326.15
1323.34
1315.64
1311.84
1317.47
1309.48
1308.71
1313.42
1314.41
1305.10
