1677.99
1676.48
1678.10
1678.12
1675.04
1675.51
1676.74
1676.10
1676.20
1675.23
1677.13
1677.20
1676.67
1677.92
1677.46
1676.34
1677.79
1676.68
1678.38
1677.02
1676.46
1675.55
1677.05
1675.28
1674.62
1674.31
1674.82
1674.41
1674.36
1674.36
1676.13
1673.72
1673.83
1673.83
1675.64
1676.24
1674.59
1673.43
1673.07
1674.23
1674.07
1673.67
1672.33
1673.15
1673.00
1672.78
1673.13
1672.20
1672.37
1671.50
1671.47
1671.57
1669.16
1670.08
1670.02
1669.92
1670.34
1672.13
1669.77
1671.58
1668.89
1670.17
1670.59
1671.06
1671.38
1671.80
1671.14
1671.67
1673.77
1673.27
1672.54
1672.56
1672.45
1673.57
1672.94
1673.25
1671.92
1672.33
1672.64
1671.58
1671.45
1669.31
1668.59
1667.55
1665.73
1666.40
1664.51
1664.20
1664.07
1664.72
1665.61
1665.49
1665.79
1666.74
1665.72
1666.53
1667.19
1667.71
1668.46
1666.54
1666.48
1667.60
1665.42
1665.83
1663.35
1663.34
1662.07
1662.39
1663.36
1660.66
1662.77
1662.61
1661.89
1661.23
1663.02
1662.44
1663.05
1662.64
1663.99
1661.87
1660.62
1661.15
1660.53
1661.01
1660.34
1659.84
1660.99
1658.45
1659.17
1659.12
1659.95
1659.33
1661.73
1660.89
1659.66
1660.13
1661.47
1661.90
1662.76
1663.32
1660.40
1658.56
1657.05
1659.13
1657.76
1657.92
1657.52
1657.82
1658.90
1657.91
1657.39
1656.18
1655.23
1656.13
1656.32
1657.96
1656.10
1656.67
1654.85
1653.81
1653.73
1653.72
1656.38
1653.28
1654.85
1653.06
1654.91
1654.42
1654.17
1654.53
1654.11
1655.30
1654.31
1653.47
1653.37
1654.79
1656.11
1654.31
1653.75
1653.97
1654.91
1653.85
1653.34
1655.09
1654.73
1656.12
1654.81
1653.50
1653.41
1656.08
1655.79
1653.51
1652.93
1654.40
1651.08
1650.27
1650.81
1648.80
1648.24
1647.16
1646.76
1646.95
1644.78
1645.26
1642.69
1644.78
1643.96
1643.55
1643.84
1644.31
1645.48
1643.14
1644.45
1643.90
1644.02
1645.33
1644.84
1645.63
1644.13
1643.59
1643.97
1643.90
1643.34
1641.63
1642.36
1642.08
1643.96
1642.94
1639.84
1640.10
1638.70
1639.34
1640.03
1640.69
1638.54
1638.39
1636.68
1638.44
1637.31
1637.58
1636.91
1637.39
1635.43
1635.44
1638.77
1635.10
1635.05
1637.68
1638.47
1634.14
1634.74
1635.28
1636.54
1633.74
1634.43
1635.45
1635.02
1633.93
1633.77
1632.01
1632.53
1631.78
1631.46
1629.74
1629.83
1629.71
1628.15
1627.60
1626.51
1625.63
1624.04
1624.16
1622.79
1624.16
1623.70
1622.71
1621.68
1621.37
1623.64
1622.60
1622.63
1620.13
1622.80
1622.52
1621.18
1622.08
1623.11
1623.23
1623.24
1623.83
1624.10
1623.71
1624.06
1619.24
1620.97
1620.96
1620.84
1620.12
1618.87
1621.25
