1200.30
1194.38
1191.56
1187.12
1179.57
1175.53
1172.24
1167.06
1162.59
1157.37
1156.28
1153.41
1149.97
1148.35
1145.06
1141.15
1139.84
1136.02
1133.42
1126.68
1120.78
1114.56
1110.79
1103.79
1097.94
1092.48
1087.88
1082.94
1078.97
1075.38
1073.88
1068.54
1066.05
1063.78
1063.64
1061.01
1054.20
1047.82
1042.48
1038.91
1034.26
1029.62
1024.27
1021.33
1017.63
1012.83
1008.66
1003.26
999.04
993.84
989.54
985.43
978.37
975.05
972.09
969.02
966.37
965.03
959.46
957.97
951.90
949.72
946.72
944.31
942.36
941.11
939.40
939.46
941.72
940.33
937.91
934.42
930.02
926.98
922.33
918.74
913.65
910.43
907.25
902.82
896.32
887.37
879.85
872.04
863.47
857.42
849.10
842.82
837.51
838.26
839.18
839.04
839.24
840.04
838.79
839.31
839.63
838.43
834.21
827.44
822.68
819.24
812.64
807.91
799.81
794.45
788.74
785.60
783.47
778.01
777.71
775.48
773.04
771.01
771.77
769.21
767.20
764.05
762.50
757.35
752.23
748.05
742.76
738.61
735.49
733.03
732.50
728.56
728.16
727.28
727.57
726.69
728.92
726.57
723.82
722.78
722.62
721.11
719.15
716.67
710.51
705.36
700.92
700.26
696.33
694.11
691.52
689.83
689.09
686.46
683.89
680.19
676.82
675.39
673.47
673.19
669.21
667.49
663.19
659.66
657.31
655.28
656.15
651.50
651.75
648.89
649.89
648.80
648.89
649.47
649.07
649.87
647.72
645.81
644.74
645.29
645.59
641.58
639.25
638.14
638.18
636.66
636.13
638.29
638.79
640.84
639.33
638.01
637.81
638.61
636.45
632.32
629.89
629.50
622.88
617.72
614.04
607.93
603.41
598.48
594.37
590.98
585.35
585.45
583.36
585.83
584.82
584.19
584.24
584.45
585.32
582.66
583.84
583.23
583.35
584.71
584.34
585.30
584.04
583.79
584.09
582.18
580.01
576.70
575.94
574.26
574.86
572.65
568.47
567.92
565.99
566.16
566.41
566.68
564.16
563.70
561.70
563.23
561.78
561.60
560.18
559.96
557.41
556.91
559.82
555.82
555.54
557.63
557.96
553.37
553.90
554.56
556.14
553.84
555.24
557.14
557.22
555.81
554.80
551.82
550.73
547.99
545.29
540.83
538.14
536.29
532.87
530.33
527.11
523.96
519.96
517.55
513.51
512.76
513.50
514.29
514.76
515.68
518.91
518.55
518.99
516.64
520.41
522.04
522.78
525.93
529.37
532.06
534.81
538.30
541.65
539.27
536.92
530.16
530.72
530.31
530.55
530.95
531.59
536.55
