1721.26
1717.50
1723.30
1724.44
1716.49
1719.32
1724.63
1724.19
1725.56
1723.52
1729.19
1729.35
1727.68
1731.22
1729.46
1725.68
1729.48
1725.52
1730.97
1728.03
1727.43
1726.04
1731.95
1728.11
1727.68
1728.40
1731.67
1731.84
1732.43
1732.70
1737.83
1729.94
1729.16
1727.56
1732.45
1734.75
1731.92
1730.77
1731.97
1737.73
1738.40
1737.03
1732.99
1735.64
1735.62
1736.62
1739.65
1739.19
1741.95
1741.32
1743.00
1744.86
1738.63
1741.97
1741.83
1741.75
1743.38
1749.34
1743.01
1749.39
1741.82
1745.94
1747.72
1749.47
1750.53
1750.95
1747.50
1747.63
1752.21
1749.81
1747.43
1748.85
1750.62
1755.57
1754.24
1755.66
1752.14
1753.75
1754.78
1751.61
1754.15
1751.22
1752.52
1752.83
1750.72
1756.07
1753.48
1755.28
1757.11
1757.50
1758.77
1757.27
1757.14
1758.84
1754.50
1755.72
1756.59
1758.07
1762.77
1759.37
1761.57
1767.11
1762.49
1765.87
1760.86
1763.11
1760.97
1762.89
1766.57
1759.08
1765.83
1765.57
1763.47
1761.09
1765.68
1763.87
1766.00
1765.16
1769.70
1764.03
1762.24
1766.62
1767.71
1772.30
1772.11
1772.26
1776.65
1768.98
1770.80
1769.69
1771.08
1767.95
1773.87
1771.88
1768.73
1770.62
1775.06
1777.01
1780.80
1783.87
1776.92
1773.36
1770.64
1778.38
1775.53
1776.95
1775.93
1776.74
1779.86
1776.76
1775.54
1772.75
1770.84
1775.08
1777.07
1783.56
1779.61
1783.07
1779.47
1778.09
1779.14
1780.03
1788.53
1779.40
1783.88
1777.94
1783.34
1782.20
1781.57
1782.97
1782.24
1786.71
1785.12
1783.40
1783.52
1787.84
1791.72
1786.80
1785.00
1785.80
1789.34
1786.68
1785.34
1790.37
1788.76
1792.46
1789.24
1785.85
1786.23
1796.09
1797.10
1792.16
1791.92
1797.19
1789.32
1789.92
1794.63
1791.72
1793.23
1793.14
