1791.96
1792.39
1795.89
1797.73
1796.44
1798.63
1801.55
1802.54
1804.21
1804.69
1807.69
1808.79
1809.23
1810.93
1810.80
1810.10
1812.03
1811.50
1814.21
1814.24
1815.15
1815.78
1818.89
1818.81
1819.91
1820.80
1821.82
1821.79
1821.98
1822.15
1824.02
1821.64
1821.71
1821.60
1823.22
1823.94
1822.90
1822.61
1823.94
1826.69
1828.02
1829.04
1829.01
1831.06
1832.06
1833.25
1834.95
1835.33
1836.78
1837.12
1837.44
1837.89
1836.00
1837.40
1837.60
1837.85
1838.71
1841.05
1839.33
1841.89
1840.03
1842.25
1843.74
1845.18
1846.31
1847.40
1847.25
1848.12
1850.41
1850.33
1850.21
1851.31
1852.47
1854.82
1854.79
1855.23
1854.06
1854.65
1855.18
1854.37
1855.31
1854.42
1855.01
1855.34
1854.93
1857.08
1856.63
1857.59
1858.49
1858.86
1859.43
1858.98
1858.92
1859.50
1858.08
1858.47
1858.70
1859.09
1860.51
1859.82
1861.05
1863.47
1862.58
1864.48
1863.65
1865.25
1865.41
1866.96
1869.11
1867.55
1870.75
1870.93
1870.11
1869.26
1870.75
1870.09
1870.77
1870.46
1871.91
1869.92
1868.96
1869.96
1869.77
1870.77
1870.31
1869.96
1871.25
1868.83
1869.66
1869.71
1870.64
1870.10
1872.61
1872.31
1871.67
1872.79
1874.90
1876.16
1878.01
1879.58
1877.70
1876.87
1876.26
1879.16
1878.54
1879.35
1879.54
1880.47
1881.78
1880.84
1880.45
1879.47
1878.69
1879.70
1879.92
1881.49
1879.57
1880.10
1878.25
1877.17
1877.67
1878.69
1882.35
1880.23
1882.73
1881.85
1884.57
1884.92
1885.30
1886.36
1886.71
1888.79
1888.70
1888.34
1888.66
1890.46
1892.17
1891.03
1890.99
1891.60
1892.80
1891.86
1891.34
1892.93
1892.41
1893.73
1892.59
1891.37
1891.40
1894.59
1894.81
1893.04
1892.96
1894.92
1892.44
1892.73
1894.34
1893.40
1893.96
1894.03
1894.82
1896.25
1895.35
1896.39
1894.24
1896.85
1896.72
1897.08
1898.21
1899.29
1900.79
1898.76
1900.30
1899.93
1900.19
1901.60
1901.18
1901.99
1900.47
1899.87
1900.24
1900.58
1900.47
1899.13
1900.19
1900.17
1902.27
1901.40
1898.40
1898.66
1897.14
1897.63
1898.11
1898.55
1896.73
1896.96
1895.64
1897.83
1897.17
1897.96
1897.91
1899.01
1897.70
1898.37
1902.38
1899.40
1899.76
1902.80
1904.03
1900.16
1901.23
1902.25
1904.01
1901.71
1902.92
1904.47
1904.70
1904.28
1904.43
1902.91
1903.81
1903.59
1903.94
1903.04
1904.01
1904.53
1903.69
1903.96
1903.77
1903.87
1903.30
1904.36
1903.98
1906.22
1905.76
1904.64
1903.58
1903.33
1905.75
1904.94
1905.30
1903.23
1906.07
1905.60
1904.04
1904.68
1905.42
1905.21
1904.87
1905.06
1904.92
1905.32
1906.65
1902.61
1904.90
1905.27
1905.36
1904.66
1903.26
1905.34
